100
4 2
5 2
6 2
1000 1000
1000 1
500000000000000000 1
500000000000000000 211769623848288257
999999999999999999 285651161249445936
775242937761052736 681735941199322658
546716810342213348 448978640833387346
999999999999999999 499999999999999999
1000000000000000000 283716663330847834
500000000000000000 499999999999999999
1000000000000000000 423539247696576512
500000000000000000 249999999999999998
266063707297445095 240218931572909476
500000000000000000 199345156263985746
1000000000000000000 1
999999999999999999 288230376151711743
857462011796614926 806285058453022646
500000000000000000 128
838145123342567386 757235843793334065
374277761519911296 290470987176963189
999999999999999999 288230376151711744
500000000000000000 144115188075855871
1000000000000000000 499999999999999998
1000000000000000000 414227708094475944
325925383715526498 281337515517405191
999999999999999999 499999999999999998
412324816021607348 328896594235551225
1000000000000000000 499999999999999999
999999999999999999 423539247696576512
680544215476165334 625187374114497898
1000000000000000000 576460752303423487
999999999999999999 407799927755281236
3 1
1000000000000000000 288230376151711744
427869580301560117 402102680987744743
1000000000000000000 435023610586495530
1000000000000000000 500000000000000000
999999999999999999 512500634725898376
582079389864896040 446972140033872869
500000000000000000 288230376151711744
988234308090421220 954707593848775613
999999999999999999 999999999999999998
1000000000000000000 423539247696576513
500000000000000000 127
478837494087619939 376194515687060344
646081527667053749 508692039336190711
999999999999999999 576460752303423487
668586692281154636 551302822173095181
416584599798483684 387224723012429830
874251426390315961 819634533657247253
999999999999999999 423539247696576511
1 1
303006557040722180 238710120965084622
392161430104176639 302565365883289458
961234602084556231 858248040295541797
639117214761575308 591704315368225984
580224508775183973 492147997625794181
500000000000000000 211769623848288256
999999999999999999 999999999999999999
4 1
933715787841605296 702544680740097221
999999999999999999 128
601338973239443678 466060363897896924
500000000000000000 2
800015215056713769 750261234729965257
1000000000000000000 127
1000000000000000000 999999999999999999
1000000000000000000 2
1000000000000000000 128
751115583255745522 708312170231776194
348105984426593171 333191934585493322
991521528865287381 804194665243726258
999999999999999999 2
918552822764373096 756555679983430867
960882528624076414 920152684028763599
999999999999999999 1
3 2
500000000000000000 144115188075855872
1000000000000000000 1000000000000000000
500000000000000000 141749949056624423
960524638525736682 924919497890722774
500000000000000000 249999999999999999
500000000000000000 250000000000000000
999999999999999999 576460752303423488
631430124675126121 507676262305849576
1000000000000000000 576460752303423488
500000000000000000 239446531402112490
5 1
500000000000000000 500000000000000000
999999999999999999 127
2 1
1000000000000000000 288230376151711743
2 2
818880300679520030 628421877107296858
999999999999999999 499999999999999997
940845452726882983 743107991679973075
500000000000000000 288230376151711743
