100
4 2
5 2
6 2
1000 1000
1000 1
940674 844498
999999 1
649155 502047
570312 485360
999999 2
962906 783463
500000 262143
500000 128
1000000 262143
988519 756388
552782 505091
695024 578106
863319 844115
1000000 1000000
1000000 499999
675841 650170
989744 869241
489032 481449
1000000 475713
3 2
500000 1
500000 500000
500000 131072
999999 262144
855714 752150
500000 239379
999999 499997
254599 233711
999999 475712
648377 573228
464196 369894
999999 128
649815 579457
1000000 475712
500000 131071
1000000 478867
500000 499999
4 1
999999 524288
1000000 524288
500000 262144
279843 252980
307052 302526
482165 479536
1000000 128
500000 2
764360 719173
1000000 1
999999 999999
1000000 500000
1000000 499998
620622 544446
682849 642921
999999 999998
915128 751457
1000000 999999
1 1
999999 402552
999999 262143
5 1
335647 273437
1000000 127
551956 532496
500000 127
921855 806193
1000000 524287
486253 468352
623877 481438
999999 499999
500000 249998
1000000 262144
500000 237856
2 2
500000 249999
1000000 2
435118 414458
1000000 282380
999999 488381
999999 499998
356799 328420
979769 863635
999999 475711
689470 623967
397834 336256
960557 794385
725832 621514
526299 477192
999999 127
999999 524287
2 1
500000 144526
796074 615869
3 1
500000 250000
500000 237857
