100
4 2
5 2
6 2
1000 1000
1000 1
317451 265536
500000 250000
3 1
1000000 999999
1000000 515635
971497 939450
999999 499999
571173 546056
1000000 475713
332027 324315
500000 205699
500000 127
1000000 475712
500000 262143
1000000 1
500000 1
999999 524287
865015 718648
500000 499999
1000000 1000000
999999 475711
500000 2
4 1
1000000 335728
961642 944722
1000000 262143
329096 326089
558649 495761
443380 413256
500000 131072
934446 931481
1000000 524288
1000000 524287
999999 999999
1 1
718763 707461
922781 787790
748987 644590
924531 788813
1000000 2
918836 832529
397285 373336
610790 571637
999999 476773
500000 128
1000000 499999
999999 262143
1000000 499998
500000 262144
500000 249999
500000 500000
1000000 128
999999 128
500000 131071
263059 250313
899453 887773
667207 660289
700987 590435
2 1
999999 499998
373606 363617
500000 249998
999999 499997
427375 378628
500000 237857
5 1
1000000 127
999999 475712
999999 127
2 2
1000000 262144
852776 850747
3 2
740459 720407
500000 249659
469631 412891
636322 634270
986987 787595
371696 312085
999999 1
267242 231256
999999 2
500000 237856
990670 948635
999999 999998
737511 666565
964657 960959
320851 264398
1000000 500000
999999 524288
737821 679046
999999 262144
999999 472418
407308 364197
885748 666853
