100
4 2
5 2
6 2
1000 1000
1000 1
1000 128
1000 512
525 431
987 977
3 2
793 775
1000 488
852 828
999 489
999 498
500 116
1000 336
580 572
393 313
999 128
999 499
500 256
898 788
999 255
500 500
816 699
500 249
709 559
944 941
987 938
635 579
999 488
1000 499
870 830
508 413
3 1
969 842
500 255
1000 255
716 644
927 733
500 99
517 459
999 484
999 497
805 645
1000 489
656 507
1000 999
558 433
999 511
999 256
680 513
500 117
500 210
491 379
500 244
500 245
500 499
536 494
985 966
999 487
1000 127
999 2
500 128
381 380
559 421
958 743
1000 508
989 799
950 870
500 1
758 738
500 250
471 465
999 1
966 875
1000 500
1000 498
999 999
258 235
660 637
1 1
917 913
999 512
5 1
594 571
999 998
1000 511
500 2
500 248
2 2
2 1
916 892
1000 256
865 737
999 127
4 1
500 127
1000 2
